56 56 56 56 56 56 56 56 56 56 56 56 56 56 56 56 56 56 56 56 56 56 56 56 56 56 56 56 56 56 56 56 56 56 56 56 56 56 56 56 56 56 56 56 56 56 56 56 56 56 
56 56 56 56 56 56 56 56 56 56 56 56 56 56 56 56 56 56 56 56 56 56 56 56 56 56 56 56 56 56 56 56 56 56 56 56 56 56 56 56 56 56 56 56 56 56 56 56 56 56 
56 56 56 56 56 56 56 56 56 56 56 56 56 56 56 56 56 56 56 56 56 56 56 56 56 56 56 56 56 56 56 56 56 56 56 56 56 56 56 56 56 56 56 56 56 56 56 56 56 56 
56 56 56 56 56 56 56 56 56 56 56 56 56 56 56 56 56 56 56 56 56 56 56 56 56 56 56 56 56 56 56 56 56 56 56 56 56 56 56 56 56 56 56 56 56 56 56 56 56 56 
56 56 56 56 56 56 56 56 56 56 59 58 67 67 67 67 67 67 67 67 67 67 67 57 59 67 67 67 67 67 67 67 67 67 67 67 67 67 57 56 56 56 56 56 56 56 56 56 56 56 
56 56 56 56 56 56 56 56 56 56 63 53 38 13 8 8 8 8 8 8 8 12 52 64 61 53 11 8 8 8 8 8 8 8 8 12 37 52 64 56 56 56 56 56 56 56 56 56 56 56 
56 56 56 56 56 56 56 56 56 56 61 54 32 9 14 185 186 187 188 189 190 14 51 64 61 54 14 14 14 185 186 187 188 189 190 9 36 51 64 56 56 56 56 56 56 56 56 56 56 56 
56 56 56 56 56 56 56 56 56 56 61 54 32 9 14 191 192 193 162 163 164 14 21 22 22 25 14 14 14 191 192 193 195 196 197 9 36 51 64 56 56 56 56 56 56 56 56 56 56 56 
56 56 56 56 56 56 56 56 56 56 61 54 32 9 14 171 166 167 168 169 170 98 28 23 23 29 98 98 98 165 166 167 168 169 170 9 36 51 64 56 56 56 56 56 56 56 56 56 56 56 
56 56 56 56 56 56 56 56 56 56 61 54 32 9 14 171 173 174 175 176 177 14 24 27 27 26 14 14 14 171 173 174 175 176 177 9 36 51 64 56 56 56 56 56 56 56 56 56 56 56 
56 56 56 56 56 56 56 56 56 56 61 54 32 9 14 178 179 180 181 182 184 14 51 64 61 54 14 14 14 178 179 180 181 182 184 9 36 51 64 56 56 56 56 56 56 56 56 56 56 56 
56 56 56 56 56 56 56 56 56 56 61 54 32 9 14 14 14 14 14 14 14 14 51 64 61 54 14 14 14 14 14 98 98 14 14 9 36 51 64 56 56 56 56 56 56 56 56 56 56 56 
56 56 56 56 56 56 56 56 56 56 61 54 32 7 8 8 6 98 98 7 8 12 51 64 61 54 11 8 8 8 6 98 98 11 8 6 36 51 64 56 56 56 56 56 56 56 56 56 56 56 
56 56 56 56 56 56 56 56 56 56 61 54 32 14 14 14 14 98 98 14 14 14 14 98 98 14 14 14 14 14 14 98 98 14 14 14 36 51 64 56 56 56 56 56 56 56 56 56 56 56 
56 56 56 56 56 56 56 56 56 56 61 54 32 98 98 98 98 98 98 98 98 98 98 98 98 98 98 98 98 98 98 98 98 14 14 14 36 51 64 56 56 56 56 56 56 56 56 56 56 56 
56 56 56 56 56 56 56 56 56 56 61 54 32 98 98 98 98 98 98 98 98 98 98 98 98 98 98 98 98 98 98 98 98 14 14 14 36 51 64 56 56 56 56 56 56 56 56 56 56 56 
56 56 56 56 56 56 56 56 56 56 61 54 32 13 12 185 186 187 188 189 190 11 6 14 14 14 14 14 14 14 14 98 98 14 14 14 36 51 64 56 56 56 56 56 56 56 56 56 56 56 
56 56 56 56 56 56 56 56 56 56 61 54 32 9 14 191 192 193 162 163 164 14 9 14 14 14 14 14 14 14 14 98 98 14 14 14 36 51 64 56 56 56 56 56 56 56 56 56 56 56 
56 56 56 56 56 56 56 56 56 56 61 54 32 9 14 198 202 202 202 202 203 14 9 14 14 14 14 14 14 14 14 98 98 14 14 14 36 51 64 56 56 56 56 56 56 56 56 56 56 56 
56 56 56 56 56 56 56 56 56 56 61 54 32 9 14 171 206 206 206 206 210 14 9 14 14 14 14 14 14 14 14 98 98 14 14 14 36 51 64 56 56 56 56 56 56 56 56 56 56 56 
56 56 56 56 56 56 56 56 56 56 61 54 32 9 14 178 179 179 179 179 184 14 9 14 14 14 14 14 14 14 14 98 98 14 14 14 36 51 64 56 56 56 56 56 56 56 56 56 56 56 
56 56 56 56 56 56 56 56 56 56 61 54 32 7 8 8 8 8 8 8 8 8 12 14 14 14 14 14 14 14 14 98 98 14 14 14 36 51 64 56 56 56 56 56 56 56 56 56 56 56 
56 56 56 56 56 56 56 56 56 56 61 54 39 33 34 33 34 33 34 33 34 33 34 33 34 33 34 33 47 14 14 98 98 14 14 14 36 51 64 56 56 56 56 56 56 56 56 56 56 56 
56 56 56 56 56 56 56 56 56 56 61 54 9 14 14 14 14 14 14 14 14 14 14 14 14 14 14 17 32 14 14 98 98 14 14 14 36 51 64 56 56 56 56 56 56 56 56 56 56 56 
56 56 56 56 56 56 56 56 56 56 61 54 9 14 14 14 14 14 14 14 14 14 14 14 14 14 14 14 32 14 14 98 98 14 14 14 36 51 64 56 56 56 56 56 56 56 56 56 56 56 
56 56 56 56 56 56 56 56 56 56 61 54 9 14 14 14 14 14 14 14 14 14 14 14 14 14 14 14 32 14 14 98 98 14 14 14 36 51 64 56 56 56 56 56 56 56 56 56 56 56 
56 56 56 56 56 56 56 56 56 56 61 54 9 14 14 14 14 14 14 14 14 14 14 14 14 14 14 14 32 14 14 98 98 14 14 14 36 51 64 56 56 56 56 56 56 56 56 56 56 56 
56 56 56 56 56 56 56 56 56 56 61 54 9 14 14 14 14 14 14 14 14 14 14 14 14 14 14 14 32 14 14 98 98 14 14 14 36 51 64 56 56 56 56 56 56 56 56 56 56 56 
56 56 56 56 56 56 56 56 56 56 61 54 9 14 14 14 14 14 38 16 16 16 16 37 14 14 14 14 32 14 14 98 98 14 14 14 36 51 64 56 56 56 56 56 56 56 56 56 56 56 
56 56 56 56 56 56 56 56 56 56 61 54 9 14 14 14 14 14 32 14 14 14 14 36 14 14 14 14 32 14 14 98 98 14 14 14 36 51 64 56 56 56 56 56 56 56 56 56 56 56 
56 56 56 56 56 56 56 56 56 56 61 54 9 14 14 14 14 14 32 14 14 14 14 36 14 14 14 14 32 14 14 98 98 14 14 14 36 51 64 56 56 56 56 56 56 56 56 56 56 56 
56 56 56 56 56 56 56 56 56 56 61 54 9 14 14 14 14 14 32 14 14 14 14 36 14 14 14 14 32 14 14 98 98 14 14 14 36 51 64 56 56 56 56 56 56 56 56 56 56 56 
56 56 56 56 56 56 56 56 56 56 61 54 9 14 14 14 14 14 32 14 98 98 21 22 22 22 22 22 25 98 98 98 98 14 14 14 36 51 64 56 56 56 56 56 56 56 56 56 56 56 
56 56 56 56 56 56 56 56 56 56 61 54 9 14 14 14 14 14 32 14 98 98 28 23 23 23 23 23 29 98 98 98 98 14 14 14 36 51 64 56 56 56 56 56 56 56 56 56 56 56 
56 56 56 56 56 56 56 56 56 56 61 54 9 14 14 14 14 14 32 14 98 98 24 27 27 27 27 27 26 98 98 98 98 14 14 14 36 51 64 56 56 56 56 56 56 56 56 56 56 56 
56 56 56 56 56 56 56 56 56 56 61 54 9 14 14 14 14 14 32 14 98 98 14 36 14 14 14 14 32 14 14 14 14 14 14 14 36 51 64 56 56 56 56 56 56 56 56 56 56 56 
56 56 56 56 56 56 56 56 56 56 61 54 9 14 14 14 14 14 32 14 98 98 14 36 14 14 14 14 32 14 14 14 14 14 14 14 36 51 64 56 56 56 56 56 56 56 56 56 56 56 
56 56 56 56 56 56 56 56 56 56 61 54 9 14 14 14 14 14 32 14 98 98 14 36 14 14 14 14 32 14 14 14 14 14 14 14 36 51 64 56 56 56 56 56 56 56 56 56 56 56 
56 56 56 56 56 56 56 56 56 56 61 54 9 14 14 14 14 14 39 34 18 19 20 43 14 14 14 14 32 14 14 14 14 14 14 14 36 51 64 56 56 56 56 56 56 56 56 56 56 56 
56 56 56 56 56 56 56 56 56 56 61 54 9 14 14 14 14 14 14 14 98 98 14 14 14 14 14 14 32 14 14 14 14 14 14 14 36 51 64 56 56 56 56 56 56 56 56 56 56 56 
56 56 56 56 56 56 56 56 56 56 61 54 9 14 14 14 14 14 14 14 98 98 14 14 14 14 14 14 32 14 14 14 14 14 14 14 36 51 64 56 56 56 56 56 56 56 56 56 56 56 
56 56 56 56 56 56 56 56 56 56 61 54 9 14 14 14 14 14 14 14 98 98 14 14 14 14 14 14 32 14 14 14 14 14 14 14 36 51 64 56 56 56 56 56 56 56 56 56 56 56 
56 56 56 56 56 56 56 56 56 56 61 54 11 8 8 8 8 8 8 14 98 98 14 14 8 8 8 8 39 33 34 33 34 33 34 33 35 51 64 56 56 56 56 56 56 56 56 56 56 56 
56 56 56 56 56 56 56 56 56 56 61 55 48 49 48 49 48 49 48 18 19 19 19 20 48 49 48 49 48 49 48 49 48 49 48 49 48 50 64 56 56 56 56 56 56 56 56 56 56 56 
56 56 56 56 56 56 56 56 56 56 62 60 60 60 60 60 60 60 60 60 60 60 60 60 60 60 60 60 60 60 60 60 60 60 60 60 60 60 65 56 56 56 56 56 56 56 56 56 56 56 
56 56 56 56 56 56 56 56 56 56 56 56 56 56 56 56 56 56 56 56 251 252 253 56 56 56 56 56 56 56 56 56 56 56 56 56 56 56 56 56 56 56 56 56 56 56 56 56 56 56 
56 56 56 56 56 56 56 56 56 56 56 56 56 56 56 56 56 56 56 56 254 255 256 56 56 56 56 56 56 56 56 56 56 56 56 56 56 56 56 56 56 56 56 56 56 56 56 56 56 56 
56 56 56 56 56 56 56 56 56 56 56 56 56 56 56 56 56 56 56 56 56 56 56 56 56 56 56 56 56 56 56 56 56 56 56 56 56 56 56 56 56 56 56 56 56 56 56 56 56 56 
56 56 56 56 56 56 56 56 56 56 56 56 56 56 56 56 56 56 56 56 56 56 56 56 56 56 56 56 56 56 56 56 56 56 56 56 56 56 56 56 56 56 56 56 56 56 56 56 56 56 
56 56 56 56 56 56 56 56 56 56 56 56 56 56 56 56 56 56 56 56 56 56 56 56 56 56 56 56 56 56 56 56 56 56 56 56 56 56 56 56 56 56 56 56 56 56 56 56 56 56 
