85 85 85 85 85 85 85 85 85 85 85 85 85 85 85 85 85 85 85 85 85 85 85 85 85 85 85 85 85 85 85 85 85 85 85 85 85 85 85 85 85 85 85 85 85 85 85 85 85 85 
85 85 85 85 85 85 85 85 85 85 85 85 85 85 85 85 85 85 85 85 85 85 85 85 85 85 85 85 85 85 85 85 85 85 85 85 85 85 85 85 85 85 85 85 85 85 85 85 85 85 
85 85 85 85 85 85 85 85 85 85 85 85 85 85 85 85 85 85 85 85 85 85 85 85 85 85 85 85 85 85 85 85 85 85 85 85 85 85 85 85 85 85 85 85 85 85 85 85 85 85 
85 85 85 85 85 85 85 85 85 85 85 85 85 85 85 85 85 85 85 85 85 85 85 85 85 85 85 85 85 85 85 85 85 85 85 85 85 85 85 85 85 85 85 85 85 85 85 85 85 85 
85 85 85 85 85 85 85 85 85 85 85 85 85 85 85 85 85 85 85 85 85 85 85 85 85 85 85 85 85 85 85 85 85 85 85 85 85 85 85 85 85 85 85 85 85 85 85 85 85 85 
85 85 85 85 85 85 85 85 85 85 85 85 85 85 85 85 85 85 85 85 85 85 85 85 85 85 85 85 85 85 85 85 85 85 85 85 85 85 85 85 85 85 85 85 85 85 85 85 85 85 
85 85 85 85 85 85 85 85 85 85 85 85 85 85 85 85 85 85 85 85 85 85 85 85 85 85 85 85 85 85 85 85 85 85 85 85 85 85 85 85 85 85 85 85 85 85 85 85 85 85 
85 85 85 85 85 85 85 85 85 85 85 85 85 85 85 85 85 85 85 85 85 85 85 85 85 85 85 85 85 85 85 85 85 85 85 85 85 85 85 85 85 85 85 85 85 85 85 85 85 85 
85 85 85 85 85 85 85 85 85 85 85 85 85 85 85 85 85 85 85 85 85 85 85 85 85 85 85 85 85 85 85 85 85 85 85 85 85 85 85 85 85 85 85 85 85 85 85 85 85 85 
85 85 85 85 85 85 85 85 85 94 92 92 92 92 92 92 92 92 92 92 92 92 92 92 92 92 92 92 92 92 92 92 92 92 92 92 92 92 92 92 92 95 85 85 85 85 85 85 85 85 
85 85 85 85 85 85 85 85 85 90 2 2 2 2 2 2 2 2 2 2 2 2 2 2 2 2 2 2 2 2 2 2 2 2 2 2 2 2 2 2 2 89 85 85 85 85 85 85 85 85 
85 85 85 85 85 85 85 85 85 90 2 2 2 2 2 2 2 2 2 2 2 2 2 2 2 2 2 2 2 2 2 2 2 2 2 2 2 2 2 2 2 89 85 85 85 85 85 85 85 85 
85 85 85 85 85 85 85 85 85 90 2 2 2 2 2 2 2 2 2 2 2 2 2 2 2 2 2 2 2 2 2 2 2 2 2 2 2 2 2 2 2 89 85 85 85 85 85 85 85 85 
85 85 85 85 85 85 85 85 85 90 2 2 2 2 2 2 2 2 2 2 2 2 2 2 2 2 2 2 2 2 2 2 2 2 4 4 81 4 2 2 2 89 85 85 85 85 85 85 85 85 
85 85 85 85 85 85 85 85 85 90 2 2 2 2 2 2 2 2 2 2 2 2 2 2 2 2 2 2 2 2 2 2 2 2 4 4 4 4 2 2 2 89 85 85 85 85 85 85 85 85 
85 85 85 85 85 85 85 85 85 90 2 2 2 2 2 2 2 2 2 2 2 2 2 2 2 2 2 2 2 2 2 2 2 2 4 4 4 4 2 2 2 89 85 85 85 85 85 85 85 85 
85 85 85 85 85 85 85 85 85 90 2 4 75 75 75 75 75 75 75 75 75 75 75 75 75 75 75 75 75 4 4 4 4 4 4 4 4 4 2 2 2 89 85 85 85 85 85 85 85 85 
85 85 85 85 85 85 85 85 85 90 2 73 68 68 68 68 68 68 68 68 68 68 68 68 68 68 68 68 68 72 4 4 4 4 4 4 4 4 2 2 2 89 85 85 85 85 85 85 85 85 
85 85 85 85 85 85 85 85 85 90 2 73 68 68 68 68 68 68 68 68 68 68 68 68 68 68 68 68 68 72 4 4 4 4 4 4 4 4 2 2 2 89 85 85 85 85 85 85 85 85 
85 85 85 85 85 85 85 85 85 90 2 73 68 68 69 70 70 70 70 70 70 70 70 70 70 70 70 70 70 4 4 4 4 4 4 4 4 4 2 2 2 89 85 85 85 85 85 85 85 85 
85 85 85 85 85 85 85 85 85 90 2 73 68 68 72 2 2 2 2 2 2 2 2 2 2 2 2 2 2 2 2 2 2 2 2 2 2 2 2 2 2 89 85 85 85 85 85 85 85 85 
85 85 85 85 85 85 85 85 85 90 2 73 68 68 72 2 2 2 2 2 2 2 2 2 2 2 2 2 2 2 2 2 2 2 2 2 2 2 2 2 2 89 85 85 85 85 85 85 85 85 
85 85 85 85 85 85 85 85 85 90 2 73 68 68 72 2 2 2 2 2 2 2 2 2 2 2 2 2 2 2 2 2 2 2 2 2 2 2 2 2 2 89 85 85 85 85 85 85 85 85 
85 85 85 85 85 85 85 85 85 90 2 73 68 68 72 2 2 2 2 2 2 2 2 2 2 2 2 73 68 68 72 2 2 2 2 2 2 2 2 2 2 89 85 85 85 85 85 85 85 85 
85 85 85 85 85 85 85 85 85 90 2 73 68 68 72 2 2 2 2 2 2 2 2 2 2 2 2 73 68 68 72 2 2 2 2 2 2 2 2 2 2 89 85 85 85 85 85 85 85 85 
85 85 85 85 85 85 85 85 85 90 2 73 68 68 72 2 2 2 2 2 2 2 2 2 2 2 2 73 68 68 72 2 2 2 2 2 2 2 2 2 2 89 85 85 85 85 85 85 85 85 
85 85 85 85 85 85 85 85 85 90 2 73 68 68 72 2 2 2 2 3 75 75 75 75 75 75 75 76 68 68 74 75 75 75 75 75 4 4 2 2 2 89 85 85 85 85 85 85 85 85 
85 85 85 85 85 85 85 85 85 90 2 73 68 68 72 2 2 2 2 73 68 68 68 68 68 68 68 68 68 68 68 68 68 68 68 68 72 4 2 2 2 89 85 85 85 85 85 85 85 85 
85 85 85 85 85 85 85 85 85 90 2 73 68 68 72 2 2 2 2 73 68 68 68 68 68 68 68 68 68 68 68 68 68 68 68 68 72 4 2 2 2 89 85 85 85 85 85 85 85 85 
85 85 85 85 85 85 85 85 85 90 2 73 68 68 72 2 2 2 2 73 68 68 69 70 70 70 70 70 70 70 70 70 70 71 68 68 72 4 2 2 2 89 85 85 85 85 85 85 85 85 
85 85 85 85 85 85 85 85 85 90 2 73 68 68 72 2 2 2 2 73 68 68 72 2 2 2 2 2 2 2 2 2 2 73 68 68 72 4 2 2 2 89 85 85 85 85 85 85 85 85 
85 85 85 85 85 85 85 85 85 90 2 73 68 68 72 2 2 2 2 73 68 68 72 2 2 221 222 223 224 225 226 2 2 73 68 68 72 4 2 2 2 89 85 85 85 85 85 85 85 85 
85 85 85 85 85 85 85 85 85 90 2 73 68 68 74 75 75 75 75 76 68 68 72 2 2 227 228 220 230 231 232 2 2 73 68 68 72 4 2 2 2 89 85 85 85 85 85 85 85 85 
85 85 85 85 85 85 85 85 85 90 2 73 68 68 68 68 68 68 68 68 68 68 72 2 2 233 234 235 236 237 238 2 2 73 68 68 72 4 2 2 2 89 85 85 85 85 85 85 85 85 
85 85 85 85 85 85 85 85 85 90 2 73 68 68 68 68 68 68 68 68 68 68 72 2 2 239 240 241 242 243 244 2 2 73 68 68 72 4 3 3 3 89 85 85 85 85 85 85 85 85 
85 85 85 85 85 85 85 85 85 90 2 4 70 70 70 71 68 68 69 70 70 70 2 2 2 245 246 247 248 249 250 2 2 73 68 86 266 267 87 87 87 97 85 85 85 85 85 85 85 85 
85 85 85 85 85 85 85 85 85 90 2 2 2 2 2 73 68 68 72 2 2 2 2 2 2 2 73 68 68 72 2 2 2 73 68 89 269 268 85 85 85 85 85 85 85 85 85 85 85 85 
85 85 85 85 85 85 85 85 85 90 2 2 2 2 2 73 68 68 74 75 75 75 75 75 75 75 76 68 68 74 2 2 2 2 2 89 269 268 85 85 85 85 85 85 85 85 85 85 85 85 
85 85 85 85 85 85 85 85 85 90 2 2 2 2 2 73 68 68 68 68 68 68 68 68 68 68 68 68 68 68 2 2 2 2 2 89 258 259 260 85 85 85 85 85 85 85 85 85 85 85 
85 85 85 85 85 85 85 85 85 90 2 2 2 2 2 73 68 68 68 68 68 68 68 68 68 68 68 68 68 68 2 2 2 2 2 89 261 262 257 85 85 85 85 85 85 85 85 85 85 85 
85 85 85 85 85 85 85 85 85 90 2 2 2 2 2 2 2 2 2 2 2 2 2 2 2 2 2 2 2 2 2 2 2 2 2 91 92 92 92 92 92 95 85 85 85 85 85 85 85 85 
85 85 85 85 85 85 85 85 85 90 2 2 2 2 2 2 2 2 2 2 2 2 2 2 2 2 2 2 2 2 2 2 2 2 2 2 2 2 2 2 2 89 85 85 85 85 85 85 85 85 
85 85 85 85 85 85 85 85 85 96 87 87 87 87 87 87 87 87 87 87 87 87 87 87 87 87 87 87 87 87 87 87 87 87 87 87 87 87 87 87 87 97 85 85 85 85 85 85 85 85 
85 85 85 85 85 85 85 85 85 85 85 85 85 85 85 85 85 85 85 85 85 85 85 85 85 85 85 85 85 85 85 85 85 85 85 85 85 85 85 85 85 85 85 85 85 85 85 85 85 85 
85 85 85 85 85 85 85 85 85 85 85 85 85 85 85 85 85 85 85 85 85 85 85 85 85 85 85 85 85 85 85 85 85 85 85 85 85 85 85 85 85 85 85 85 85 85 85 85 85 85 
85 85 85 85 85 85 85 85 85 85 85 85 85 85 85 85 85 85 85 85 85 85 85 85 85 85 85 85 85 85 85 85 85 85 85 85 85 85 85 85 85 85 85 85 85 85 85 85 85 85 
85 85 85 85 85 85 85 85 85 85 85 85 85 85 85 85 85 85 85 85 85 85 85 85 85 85 85 85 85 85 85 85 85 85 85 85 85 85 85 85 85 85 85 85 85 85 85 85 85 85 
85 85 85 85 85 85 85 85 85 85 85 85 85 85 85 85 85 85 85 85 85 85 85 85 85 85 85 85 85 85 85 85 85 85 85 85 85 85 85 85 85 85 85 85 85 85 85 85 85 85 
85 85 85 85 85 85 85 85 85 85 85 85 85 85 85 85 85 85 85 85 85 85 85 85 85 85 85 85 85 85 85 85 85 85 85 85 85 85 85 85 85 85 85 85 85 85 85 85 85 85 
85 85 85 85 85 85 85 85 85 85 85 85 85 85 85 85 85 85 85 85 85 85 85 85 85 85 85 85 85 85 85 85 85 85 85 85 85 85 85 85 85 85 85 85 85 85 85 85 85 85 
