134 134 134 134 134 134 134 134 134 134 134 134 134 134 134 134 134 134 134 134 134 134 134 134 134 134 134 134 134 134 134 134 134 134 134 134 134 134 134 134 134 134 134 134 134 134 134 134 134 134 
134 134 134 134 134 134 134 134 134 134 134 134 134 134 134 134 134 134 134 134 134 134 134 134 134 134 134 134 134 134 134 134 134 134 134 134 134 134 134 134 134 134 134 134 134 134 134 134 134 134 
134 134 134 134 134 134 134 134 134 134 134 134 134 134 134 134 134 134 134 134 134 134 134 134 134 134 134 134 134 134 134 134 134 134 134 134 134 134 134 134 134 134 134 134 134 134 134 134 134 134 
134 134 134 134 134 134 134 134 134 134 134 134 134 134 134 134 134 134 134 134 134 134 134 134 134 134 134 134 134 134 134 134 134 134 134 134 134 134 134 134 134 134 134 134 134 134 134 134 134 134 
134 134 134 134 134 134 134 134 134 134 134 134 134 134 134 134 134 134 134 134 134 134 134 134 134 134 134 134 134 134 134 134 134 134 134 134 134 134 134 134 134 134 134 134 134 134 134 134 134 134 
134 134 134 134 134 134 134 134 134 134 134 134 134 134 134 134 134 134 134 134 134 134 134 134 134 134 134 134 134 134 134 134 134 134 134 134 134 134 134 134 134 134 134 134 134 134 134 134 134 134 
134 134 134 134 134 134 134 134 134 134 134 102 102 102 134 134 134 134 134 134 134 134 134 134 134 134 134 134 134 134 134 134 134 134 134 134 134 134 134 134 134 134 134 134 134 134 134 134 134 134 
134 134 134 134 134 134 134 134 134 134 134 102 102 102 134 134 134 134 134 134 134 134 134 134 134 134 134 134 134 134 134 134 134 134 134 134 134 134 134 134 134 134 134 134 134 134 134 134 134 134 
134 134 134 134 134 134 134 134 134 134 134 102 102 134 134 134 134 134 134 134 134 134 134 134 134 134 134 134 134 134 134 134 134 134 134 134 134 134 134 134 134 134 134 134 134 134 134 134 134 134 
134 134 134 134 134 134 134 134 134 134 134 102 102 134 134 134 134 134 134 134 134 134 134 134 134 134 134 134 134 134 134 134 134 134 134 134 134 134 134 134 134 134 134 134 134 134 134 134 134 134 
134 134 102 102 102 102 102 134 134 134 134 102 102 134 134 134 134 134 134 134 134 134 134 134 134 134 134 134 134 134 134 134 134 134 134 134 134 134 134 134 134 134 134 134 134 134 134 134 134 134 
134 134 102 102 102 102 102 134 134 134 134 102 102 102 102 102 102 102 134 134 134 134 134 134 134 134 134 134 134 134 134 134 134 134 134 123 134 134 153 134 134 134 134 134 134 134 134 134 134 134 
134 134 102 102 134 134 134 134 134 134 134 102 102 102 102 102 102 102 134 134 134 134 134 134 134 134 134 134 134 134 134 134 134 134 134 152 134 134 116 134 134 134 134 134 134 134 134 134 134 134 
134 134 102 102 134 134 134 134 134 134 134 134 134 134 134 102 102 102 134 134 134 134 134 134 134 134 134 102 102 102 102 102 102 102 102 102 102 102 102 102 102 102 102 102 134 134 134 134 134 134 
134 134 102 102 134 134 134 134 134 134 134 134 134 134 134 102 102 102 134 134 134 134 134 134 134 134 134 102 102 102 102 102 102 102 102 102 102 102 102 102 102 102 102 102 134 134 134 134 134 134 
134 134 102 102 134 134 134 134 134 134 134 134 134 134 134 102 102 102 134 134 134 134 134 134 134 134 134 102 102 102 102 102 102 102 102 102 102 102 102 102 102 102 102 102 134 134 134 134 134 134 
134 134 102 102 134 134 134 134 134 134 134 134 134 134 134 102 102 102 134 134 134 134 134 134 134 134 134 102 102 102 134 134 134 134 134 134 102 102 102 134 134 134 134 134 134 134 134 134 134 134 
110 110 102 102 110 110 110 110 110 110 110 110 110 110 110 102 102 102 134 134 134 134 134 134 134 134 110 102 102 102 110 110 110 110 110 110 102 102 102 110 110 134 134 134 134 134 134 134 134 110 
110 110 102 102 110 110 110 110 110 110 110 110 110 110 110 102 102 102 134 134 110 134 134 134 134 134 110 102 102 102 110 110 134 134 134 134 102 102 102 134 110 134 110 134 134 134 134 134 134 110 
110 110 102 102 110 153 110 110 153 110 110 110 110 110 110 102 102 102 134 134 134 134 134 134 134 110 134 102 102 102 110 134 134 134 134 134 102 102 102 134 134 134 134 134 134 134 134 134 134 134 
110 110 102 102 110 114 110 110 114 110 110 110 110 110 110 102 102 102 134 134 134 134 134 134 134 134 134 102 102 102 134 134 134 134 134 134 102 102 102 134 134 134 134 134 134 134 134 134 134 134 
110 110 102 102 102 102 102 102 102 102 102 102 102 102 102 102 102 102 134 134 134 134 134 134 134 134 134 107 102 102 134 134 134 134 134 134 102 102 102 134 134 134 134 134 134 134 134 134 110 110 
110 110 102 102 102 102 102 102 102 102 102 102 102 102 102 102 102 102 134 110 134 134 134 134 134 134 134 134 134 134 134 134 134 134 134 110 102 102 102 110 134 134 134 134 134 134 134 134 110 110 
110 110 110 110 110 110 102 102 128 128 128 128 128 128 128 102 102 102 128 128 128 134 134 134 134 134 134 134 134 134 134 110 134 110 110 106 102 102 102 106 134 134 134 134 134 134 134 134 110 110 
110 110 110 110 110 110 102 102 128 128 128 128 128 128 128 102 102 102 128 128 128 128 128 128 128 134 134 134 134 134 128 128 102 102 102 102 102 102 102 102 102 102 134 134 134 110 110 110 110 110 
110 110 110 110 110 110 102 102 128 128 128 128 128 128 128 102 102 102 102 102 102 102 102 102 128 134 134 134 134 134 134 134 102 102 102 102 102 102 102 102 102 102 134 134 134 110 110 110 110 110 
110 110 110 134 110 110 102 102 110 110 110 110 110 110 110 102 102 102 102 102 102 102 102 102 110 134 134 134 134 134 134 134 102 102 110 134 134 134 134 110 110 110 110 134 134 134 134 134 134 134 
134 110 110 134 110 110 102 102 110 110 110 110 110 110 110 110 110 110 110 110 134 134 134 134 134 134 134 134 134 134 134 134 102 102 134 134 134 134 134 134 134 134 134 134 134 134 134 134 134 134 
134 134 134 134 110 110 102 102 110 110 110 110 110 110 110 110 110 110 110 134 134 134 134 134 134 134 134 134 134 134 134 134 102 102 134 134 134 134 134 134 134 134 134 134 134 134 134 134 134 134 
134 134 134 134 110 110 102 102 110 110 110 119 110 110 122 110 110 110 110 110 134 134 134 134 134 134 134 134 134 134 134 123 102 102 119 134 134 134 134 134 134 134 134 134 134 134 134 134 134 134 
134 134 134 134 110 110 102 102 110 110 110 116 110 110 118 110 110 110 110 110 110 110 110 110 110 110 134 134 134 134 134 118 102 102 114 134 134 134 134 110 134 134 134 134 134 134 134 110 134 134 
134 134 134 134 110 110 102 102 102 102 102 102 102 102 102 102 102 102 102 102 102 102 102 102 102 102 102 102 102 102 102 102 102 102 102 102 102 102 102 102 102 102 102 102 102 102 102 110 134 134 
134 134 134 134 110 110 102 102 102 102 102 102 102 102 102 102 102 102 102 102 102 102 102 102 102 102 102 102 102 102 102 102 102 102 102 102 102 102 102 102 102 102 102 102 102 102 102 110 134 134 
134 134 134 134 110 110 110 110 110 110 110 110 102 102 110 110 110 110 110 110 110 110 110 110 110 110 134 134 134 134 134 134 134 134 134 134 134 134 134 134 134 134 134 134 134 134 134 134 134 134 
134 134 134 134 110 110 110 110 110 110 110 110 102 102 134 134 110 110 110 110 110 110 110 110 110 110 134 134 134 134 134 134 134 134 134 134 134 134 134 134 134 134 134 134 134 134 134 134 134 134 
134 134 134 134 110 110 110 110 110 110 110 134 102 102 134 134 110 110 110 110 110 134 134 134 134 134 134 134 134 134 134 134 134 134 134 134 134 134 134 134 134 134 134 134 134 134 134 134 134 134 
134 134 134 134 134 134 110 110 134 134 134 134 102 102 134 134 134 134 134 134 134 134 134 134 134 134 134 134 134 134 134 134 134 134 134 134 134 134 134 134 134 134 134 134 134 134 134 134 134 134 
134 134 134 134 134 134 134 134 134 134 134 134 102 102 134 134 134 134 110 110 110 134 134 134 134 134 134 134 134 134 134 134 134 134 134 134 134 134 134 134 134 134 134 134 134 134 134 134 134 134 
134 134 134 134 134 134 134 134 134 134 134 134 102 102 134 134 134 134 134 134 134 134 134 134 134 134 134 134 134 134 134 134 134 134 134 134 134 134 134 134 134 134 134 134 134 134 134 134 134 134 
134 134 134 134 134 134 134 134 134 134 134 134 102 102 134 134 134 134 134 134 134 134 134 134 134 134 134 134 134 134 134 134 134 134 134 134 134 134 134 134 134 134 134 134 134 134 134 134 134 134 
134 134 134 134 134 134 134 134 134 134 134 134 102 102 134 134 134 134 134 134 134 134 134 134 134 134 134 134 134 134 134 134 134 134 134 134 134 134 134 134 134 134 134 134 134 134 134 134 134 134 
134 134 134 134 134 134 134 134 134 134 134 134 102 102 134 134 134 134 134 134 134 134 134 134 134 134 134 134 134 134 134 134 134 134 134 134 134 134 134 134 134 134 134 134 134 134 134 134 134 134 
134 134 134 134 134 134 134 134 134 134 122 123 102 102 153 119 134 134 134 134 134 134 134 134 134 134 134 134 134 134 134 134 134 134 134 134 134 134 134 134 134 134 134 134 134 134 134 134 134 134 
134 134 134 134 134 134 134 134 134 134 117 117 102 102 116 116 134 134 134 134 134 134 134 134 134 134 134 134 134 134 134 134 134 134 134 134 134 134 134 134 134 134 134 134 134 134 134 134 134 134 
134 134 134 134 134 134 102 102 102 102 102 102 102 102 102 102 102 102 102 134 134 134 134 134 134 134 134 134 134 134 134 134 134 134 134 134 134 134 134 134 134 134 134 134 134 134 134 134 134 134 
134 134 134 134 134 134 102 142 102 102 102 102 102 102 102 102 102 102 102 134 134 134 134 134 134 134 134 134 134 134 134 128 128 134 134 134 134 134 134 134 134 134 134 134 134 134 134 134 134 134 
134 134 134 134 134 134 134 134 134 134 134 134 134 134 134 134 134 134 134 134 134 134 128 134 128 134 134 134 134 134 134 128 134 134 134 134 134 134 134 134 134 134 134 134 134 134 134 134 134 134 
134 134 134 134 134 134 134 134 134 134 134 134 134 134 134 134 134 134 134 134 134 134 134 134 134 134 134 134 134 134 134 128 134 134 134 134 134 134 134 134 134 134 134 134 134 134 134 134 134 134 
134 134 134 134 134 134 134 134 134 134 134 134 134 134 134 134 134 134 134 134 134 134 134 134 134 134 134 134 134 134 134 134 134 134 134 134 134 134 134 134 134 134 134 134 134 134 134 134 134 134 
134 134 134 134 134 134 134 134 134 134 134 134 134 134 134 134 134 134 134 134 134 134 134 134 134 134 134 134 134 134 134 134 134 134 134 134 134 134 134 134 134 134 134 134 134 134 134 134 134 134 
